1455446899661209600	2002	1	1	2022-01-26	
1455463117520633856	2002	2	2	2022-01-26	
1455460450387886080	3003	1	1	2022-01-26	
1455466557978181632	3003	22	22	2022-01-26	
1455451882133651456	2104	1	5	2022-01-26	
1455451882133651456	2002	3	5	2022-01-26	
1455451882133651456	2101	1	5	2022-01-26	
1455460961757429760	3003	23	23	2022-01-26	
1455462396289089536	3003	20	20	2022-01-26	
1455460953326878720	3003	22	22	2022-01-26	
1455451882465001472	2002	3	3	2022-01-26	
1455453613559119872	2104	2	3	2022-01-26	
1455453613559119872	2002	1	3	2022-01-26	
1455470110692081664	3002	23	23	2022-01-26	
1455462396943400960	3003	20	20	2022-01-26	
1455460447061803008	3003	23	23	2022-01-26	
1455470475823022080	2105	1	1	2022-01-26	
1455450281004236800	2002	1	1	2022-01-26	
1455451887326199808	2002	2	5	2022-01-26	
1455451887326199808	2104	3	5	2022-01-26	
1455460954081853440	3003	23	23	2022-01-26	
1455462392950423552	3003	21	21	2022-01-26	
1455471464013627392	2104	4	24	2022-01-26	
1455471464013627392	1	2	24	2022-01-26	
1455471464013627392	2002	2	24	2022-01-26	
1455471464013627392	3003	16	24	2022-01-26	
1455460451746840576	3003	22	22	2022-01-26	
1455456869756698624	2104	4	36	2022-01-26	
1455456869756698624	1	29	36	2022-01-26	
1455456869756698624	2002	3	36	2022-01-26	
1455469325241548800	3003	10	10	2022-01-26	
1455462393302745088	3003	21	21	2022-01-26	
1455460452082384896	3003	1	1	2022-01-26	
1455451888043425792	2104	2	3	2022-01-26	
1455451888043425792	2002	1	3	2022-01-26	
1455466555369324544	3003	1	1	2022-01-26	
1455453610509860864	2103	1	3	2022-01-26	
1455453610509860864	2002	1	3	2022-01-26	
1455453610509860864	2104	1	3	2022-01-26	
1455460452392763392	3003	13	13	2022-01-26	
1455457596256288768	2002	1	2	2022-01-26	
1455457596256288768	1	1	2	2022-01-26	
1455469751038902272	1	2	7	2022-01-26	
1455469751038902272	2101	2	7	2022-01-26	
1455469751038902272	2002	3	7	2022-01-26	
1455469325904248832	3003	10	10	2022-01-26	
1455450277762039808	2104	1	1	2022-01-26	
1455451888374775808	2104	4	8	2022-01-26	
1455451888374775808	2002	4	8	2022-01-26	
1455463390305583104	2002	3	4	2022-01-26	
1455463390305583104	2104	1	4	2022-01-26	
1455460955096875008	3003	21	21	2022-01-26	
1455462393957056512	3003	21	21	2022-01-26	
1455453610899931136	1	4	7	2022-01-26	
1455453610899931136	2104	1	7	2022-01-26	
1455453610899931136	2101	1	7	2022-01-26	
1455453610899931136	2002	1	7	2022-01-26	
1455457600949714944	2002	2	2	2022-01-26	
1455449955937288192	2002	1	1	2022-01-26	
1455449960307752960	2002	1	1	2022-01-26	
1455456870926909440	2002	3	3	2022-01-26	
1455469755883323392	2002	2	2	2022-01-26	
1455453611239669760	2002	1	1	2022-01-26	
1455446902513336320	2002	1	1	2022-01-26	
1455463386627178496	2104	2	9	2022-01-26	
1455463386627178496	2101	1	9	2022-01-26	
1455463386627178496	2002	3	9	2022-01-26	
1455463386627178496	1	3	9	2022-01-26	
1455451889138139136	2104	3	7	2022-01-26	
1455451889138139136	2002	2	7	2022-01-26	
1455451889138139136	1	2	7	2022-01-26	
1455469326915076096	3003	2	2	2022-01-26	
1455463391291244544	2002	2	2	2022-01-26	
1455467471543730176	2002	1	2	2022-01-26	
1455467471543730176	2104	1	2	2022-01-26	
1455462394988855296	3003	22	22	2022-01-26	
1455423774819090432	2002	2	3	2022-01-26	
1455423774819090432	2104	1	3	2022-01-26	
1455451318494691328	2002	1	3	2022-01-26	
1455451318494691328	2104	2	3	2022-01-26	
1455445030708707328	2002	2	5	2022-01-26	
1455445030708707328	1	3	5	2022-01-26	
1455460445392470016	3003	22	22	2022-01-26	
1455451885610729472	1	4	13	2022-01-26	
1455451885610729472	2002	3	13	2022-01-26	
1455451885610729472	2103	2	13	2022-01-26	
1455451885610729472	2104	4	13	2022-01-26	
1455466557260955648	3003	22	22	2022-01-26	
1455451881424814080	2002	3	5	2022-01-26	
1455451881424814080	1	2	5	2022-01-26	
1455460961119895552	3003	22	22	2022-01-26	
1455460450077507584	2002	1	12	2022-01-26	
1455460450077507584	3003	11	12	2022-01-26	
1455451885925302272	1	1	5	2022-01-26	
1455451885925302272	2002	2	5	2022-01-26	
1455451885925302272	2104	2	5	2022-01-26	
1455458577509515264	2002	1	3	2022-01-26	
1455458577509515264	1	2	3	2022-01-26	
1455468833908195328	1	8	8	2022-01-26	
1455471131791196160	2002	1	1	2022-01-26	
